stswfflo.
’ 44444444444444444444444444

444 4444444444444444444,
4444444 4444444444 44444
ere 44444444, 4444 4444 4

4, , 44444444
4 ’ ,4444444444

44 4444444444 4444444444 444
,44444 ,lg 44, 444 4u'ft 44 istst 444
44444444 444 4444 44444444444’ 44 ,4444444 ,444444 44444
4444444444 ,4444444 4444444444 44444 [4444 44444 v 4444
444 4444444444444 ’.4444444444 4444444, m

444 4444444444 4444444 44444444

tv
444444444444444
4444144444

444444444444444·
’44 4444444444 4444444444444444444,4,44-
tun

 

