1111111111 1111111 1111111111111
(1111111111111111 1111111111 11111111111111

111 ,,Γ111111111111111111111111
,1111111 1111111111111111111111111111111111 11111111111111111,
1111111111111111111111111111111111111111
7 1111111111 1111111111111111111111111111111111111.
7 111111111111111111. 11111111111111111111 1111,

’ 1Α1111111111111111111111 1111111111 111111111111111111
11111111111111111 11111

111111111111111111111,

11111111· 1111111111
6111111111111111111,
111
1111111111111111111111111
1111111111, 1111111111 77

1111111111111111111 7777777777777'771.
011111111111111.11111111111111111111111111111
01111111 111111111111111111
61111111 111111111111111111111111
1111111111111111111111111111111111
1111111111111111111111111111111111011,
0111111111 11111111 111111111111111111111111
111111111111111111111111111 11111111·

 

1111111111

